2.488611127385528463e-02
3.558726940716282899e-02
4.442772017185676880e-02
5.238816213779563108e-02
6.025634361897776875e-02
6.721743490679200905e-02
7.315572487674316948e-02
7.645948459810916753e-02
8.360105345125087850e-02
8.808157795092730336e-02
9.236507356501663657e-02
9.672078603668551877e-02
9.931131601451217983e-02
1.030225830839922030e-01
1.066256549908641410e-01
1.099848431180567299e-01
1.133020409639641651e-01
1.159212209235618990e-01
1.184570359090076214e-01
1.206756751145468681e-01
1.231540563546825173e-01
1.251728181732364442e-01
1.266820058885888278e-01
1.287990675734824453e-01
1.309367001322545299e-01
1.321299387999315955e-01
1.336600091051354799e-01
1.346480734776634436e-01
1.352493468830997803e-01
1.368990454352360941e-01
1.378596854588192144e-01
1.388497441114409647e-01
1.392111907057077824e-01
1.403812319273469167e-01
1.417536407851283931e-01
