2.733264117058221976e-02
3.901167334112578405e-02
4.886528413323577152e-02
5.726776485544832207e-02
6.604928639092054465e-02
7.385648183964356461e-02
7.976683442841485394e-02
8.388327539278687961e-02
9.114399276036135034e-02
9.589067927312898421e-02
1.005240540804680921e-01
1.047137186047118335e-01
1.076463103824958911e-01
1.117903934898972079e-01
1.146886632250640053e-01
1.183624115231238227e-01
1.215207733343808827e-01
1.241594955350842910e-01
1.263683334136349035e-01
1.281466139812417748e-01
1.315663925976667814e-01
1.330580176852342311e-01
1.343109679816572588e-01
1.366349621331534592e-01
1.381864396575210319e-01
1.395829190961153932e-01
1.404085991781261755e-01
1.409628481504729691e-01
1.422783292612910533e-01
1.433301453293329419e-01
1.441117398071200262e-01
1.450596186563354872e-01
1.454873222387662035e-01
1.462453419665324661e-01
1.469918268071597478e-01
