5.105289590787960921e-04
8.799598972028169598e-04
1.115196773760736195e-03
1.241326390360608699e-03
1.382088214178380610e-03
1.520864923186794181e-03
1.639302074488827900e-03
1.784402451828250632e-03
1.870020379824521893e-03
1.973935981941454809e-03
2.075134662909697801e-03
2.182908480923828436e-03
2.221071116324146305e-03
2.305828076364477026e-03
2.357218606634141258e-03
2.373119453799972349e-03
2.477061182068971031e-03
2.462683442433391372e-03
2.547616960658725255e-03
2.514037647782089904e-03
2.559088590252841123e-03
2.619314710191552893e-03
2.598206256304530157e-03
2.635012667868876033e-03
2.657746854689668325e-03
2.646292366678367966e-03
2.682109534900093198e-03
2.642285951654295157e-03
2.582504452834623321e-03
2.625231639008796403e-03
2.611515971449373651e-03
2.560022739105582198e-03
2.651637171069256942e-03
2.583355511924968415e-03
2.583771415659635948e-03
