1.970862677441360695e-03
2.616331639754717036e-03
3.408271668215751005e-03
3.790621496789972535e-03
4.516369306926659548e-03
5.182892821628600800e-03
5.144059458724659258e-03
5.716746995812337084e-03
5.855109135617308017e-03
6.045966441972378674e-03
6.309391607015587232e-03
6.138065137786254469e-03
6.411563381748299970e-03
6.764519911224627091e-03
6.227125352135062450e-03
6.542771239241134025e-03
6.384919520330214864e-03
6.483180865835083163e-03
6.229084090991476690e-03
6.006451528706773131e-03
6.687666638863437943e-03
6.312120501993151965e-03
6.208168704695183303e-03
6.347545924020679860e-03
6.010129805224279087e-03
6.196830156524677294e-03
5.751748564681101461e-03
5.554685599975085417e-03
6.072475806094134072e-03
5.720553030199845845e-03
5.656218985464567771e-03
5.696617956333535106e-03
5.698028579195705233e-03
5.553328466816008328e-03
5.305692746645607194e-03
