0 0 47.4031
0 1 0.839342
0 2 -2.82165
0 3 2.56426
0 4 -1.13747
0 5 -4.15902
0 6 -1.13229
0 7 -1.96338
0 8 -0.122467
0 9 -0.795121
0 10 -0.204476
0 11 -0.0206735
0 12 -0.15245
0 13 10.8172
0 14 19.7689
0 15 -8.57957
0 16 1.70239
0 17 -2.17949
0 18 -0.998812
0 19 0.0980753
0 20 1.06024
0 21 -2.16843
0 22 -0.675206
0 23 -1.38777
0 24 -0.569841
0 25 -0.126408
0 26 0
0 27 0
0 28 0
0 29 0
0 30 0
0 31 0
0 32 0
0 33 0
0 34 0
0 35 0
0 36 0
0 37 0
0 38 0
0 39 0
0 40 0
0 41 0
0 42 0
0 43 0
0 44 0
0 45 0
0 46 0
0 47 0
0 48 0
0 49 0
0 50 0
0 51 0
0 52 0
0 53 0
0 54 0
0 55 0
0 56 0
0 57 0
0 58 0
0 59 0
0 60 0
0 61 0
0 62 0
0 63 0
0 64 0
1 0 0.839342
1 1 13.2494
1 2 1.4478
1 3 -0.84542
1 4 0.336305
1 5 1.36607
1 6 -0.654266
1 7 0.229366
1 8 0.14242
1 9 -0.202018
1 10 -0.110816
1 11 -0.0771241
1 12 -0.0497042
1 13 1.74034
1 14 1.74781
1 15 0.660634
1 16 5.47613
1 17 0.675494
1 18 1.92503
1 19 0.250979
1 20 0.207401
1 21 0.812027
1 22 -0.328211
1 23 0.374755
1 24 0.194317
1 25 0.0427805
1 26 0
1 27 0
1 28 0
1 29 0
1 30 0
1 31 0
1 32 0
1 33 0
1 34 0
1 35 0
1 36 0
1 37 0
1 38 0
1 39 0
1 40 0
1 41 0
1 42 0
1 43 0
1 44 0
1 45 0
1 46 0
1 47 0
1 48 0
1 49 0
1 50 0
1 51 0
1 52 0
1 53 0
1 54 0
1 55 0
1 56 0
1 57 0
1 58 0
1 59 0
1 60 0
1 61 0
1 62 0
1 63 0
1 64 0
2 0 -2.82165
2 1 1.4478
2 2 21.12
2 3 -0.236554
2 4 -0.755103
2 5 0.798437
2 6 -0.979069
2 7 -0.155535
2 8 0.0412817
2 9 -0.257744
2 10 0.00373697
2 11 0.127417
2 12 0.15139
2 13 -2.52528
2 14 2.43354
2 15 1.11239
2 16 -3.91909
2 17 3.42913
2 18 -0.112
2 19 -2.62144
2 20 0.366001
2 21 0.265119
2 22 0.388021
2 23 0.0701013
2 24 -0.0381434
2 25 0.0695969
2 26 0
2 27 0
2 28 0
2 29 0
2 30 0
2 31 0
2 32 0
2 33 0
2 34 0
2 35 0
2 36 0
2 37 0
2 38 0
2 39 0
2 40 0
2 41 0
2 42 0
2 43 0
2 44 0
2 45 0
2 46 0
2 47 0
2 48 0
2 49 0
2 50 0
2 51 0
2 52 0
2 53 0
2 54 0
2 55 0
2 56 0
2 57 0
2 58 0
2 59 0
2 60 0
2 61 0
2 62 0
2 63 0
2 64 0
3 0 2.56426
3 1 -0.84542
3 2 -0.236554
3 3 6.91421
3 4 -0.603622
3 5 0.171699
3 6 -0.390853
3 7 -0.414878
3 8 -0.185218
3 9 -0.158776
3 10 -0.0192717
3 11 -0.0299057
3 12 0.00639127
3 13 -5.98291
3 14 -1.26409
3 15 -1.35302
3 16 5.16734
3 17 0.972484
3 18 -0.00697091
3 19 0.847415
3 20 -0.290962
3 21 0.159871
3 22 -0.151892
3 23 -0.293623
3 24 -0.116224
3 25 -0.0309057
3 26 0
3 27 0
3 28 0
3 29 0
3 30 0
3 31 0
3 32 0
3 33 0
3 34 0
3 35 0
3 36 0
3 37 0
3 38 0
3 39 0
3 40 0
3 41 0
3 42 0
3 43 0
3 44 0
3 45 0
3 46 0
3 47 0
3 48 0
3 49 0
3 50 0
3 51 0
3 52 0
3 53 0
3 54 0
3 55 0
3 56 0
3 57 0
3 58 0
3 59 0
3 60 0
3 61 0
3 62 0
3 63 0
3 64 0
4 0 -1.13747
4 1 0.336305
4 2 -0.755103
4 3 -0.603622
4 4 4.01048
4 5 -0.517636
4 6 0.17197
4 7 -0.0619508
4 8 -0.358894
4 9 0.10891
4 10 -0.116459
4 11 -0.0697919
4 12 0.00145727
4 13 2.08468
4 14 -0.977159
4 15 -1.52418
4 16 0.317656
4 17 0.0547909
4 18 1.54007
4 19 0.105587
4 20 -0.208836
4 21 -0.0118414
4 22 0.147913
4 23 -0.135257
4 24 -0.0491608
4 25 -0.0166083
4 26 0
4 27 0
4 28 0
4 29 0
4 30 0
4 31 0
4 32 0
4 33 0
4 34 0
4 35 0
4 36 0
4 37 0
4 38 0
4 39 0
4 40 0
4 41 0
4 42 0
4 43 0
4 44 0
4 45 0
4 46 0
4 47 0
4 48 0
4 49 0
4 50 0
4 51 0
4 52 0
4 53 0
4 54 0
4 55 0
4 56 0
4 57 0
4 58 0
4 59 0
4 60 0
4 61 0
4 62 0
4 63 0
4 64 0
5 0 -4.15902
5 1 1.36607
5 2 0.798437
5 3 0.171699
5 4 -0.517636
5 5 5.18249
5 6 0.448398
5 7 -0.037462
5 8 0.496407
5 9 -0.0438523
5 10 0.102592
5 11 -0.0252773
5 12 0.103094
5 13 -3.08744
5 14 0.221887
5 15 4.18086
5 16 -0.781074
5 17 -0.370708
5 18 0.821761
5 19 0.0970174
5 20 0.675977
5 21 0.162912
5 22 -0.119634
5 23 0.622997
5 24 0.0388179
5 25 0.00509407
5 26 0
5 27 0
5 28 0
5 29 0
5 30 0
5 31 0
5 32 0
5 33 0
5 34 0
5 35 0
5 36 0
5 37 0
5 38 0
5 39 0
5 40 0
5 41 0
5 42 0
5 43 0
5 44 0
5 45 0
5 46 0
5 47 0
5 48 0
5 49 0
5 50 0
5 51 0
5 52 0
5 53 0
5 54 0
5 55 0
5 56 0
5 57 0
5 58 0
5 59 0
5 60 0
5 61 0
5 62 0
5 63 0
5 64 0
6 0 -1.13229
6 1 -0.654266
6 2 -0.979069
6 3 -0.390853
6 4 0.17197
6 5 0.448398
6 6 1.97999
6 7 0.200696
6 8 0.302157
6 9 0.0140277
6 10 -0.0526029
6 11 0.00114429
6 12 -0.026209
6 13 0.346047
6 14 -0.0510745
6 15 0.679402
6 16 -0.627891
6 17 -0.615589
6 18 -0.0842185
6 19 -0.515433
6 20 -0.0890608
6 21 0.0268863
6 22 0.176982
6 23 0.0896849
6 24 0.0576026
6 25 -0.00914836
6 26 0
6 27 0
6 28 0
6 29 0
6 30 0
6 31 0
6 32 0
6 33 0
6 34 0
6 35 0
6 36 0
6 37 0
6 38 0
6 39 0
6 40 0
6 41 0
6 42 0
6 43 0
6 44 0
6 45 0
6 46 0
6 47 0
6 48 0
6 49 0
6 50 0
6 51 0
6 52 0
6 53 0
6 54 0
6 55 0
6 56 0
6 57 0
6 58 0
6 59 0
6 60 0
6 61 0
6 62 0
6 63 0
6 64 0
7 0 -1.96338
7 1 0.229366
7 2 -0.155535
7 3 -0.414878
7 4 -0.0619508
7 5 -0.037462
7 6 0.200696
7 7 1.77733
7 8 0.123777
7 9 0.0991073
7 10 0.0468539
7 11 0.00226845
7 12 -0.0508982
7 13 -2.08301
7 14 -1.39774
7 15 0.175085
7 16 -0.607697
7 17 0.0568884
7 18 -0.67897
7 19 0.183688
7 20 0.34194
7 21 0.000954351
7 22 0.154094
7 23 0.0739561
7 24 0.051266
7 25 0.0166583
7 26 0
7 27 0
7 28 0
7 29 0
7 30 0
7 31 0
7 32 0
7 33 0
7 34 0
7 35 0
7 36 0
7 37 0
7 38 0
7 39 0
7 40 0
7 41 0
7 42 0
7 43 0
7 44 0
7 45 0
7 46 0
7 47 0
7 48 0
7 49 0
7 50 0
7 51 0
7 52 0
7 53 0
7 54 0
7 55 0
7 56 0
7 57 0
7 58 0
7 59 0
7 60 0
7 61 0
7 62 0
7 63 0
7 64 0
8 0 -0.122467
8 1 0.14242
8 2 0.0412817
8 3 -0.185218
8 4 -0.358894
8 5 0.496407
8 6 0.302157
8 7 0.123777
8 8 2.11312
8 9 0.032223
8 10 0.0625272
8 11 0.0126738
8 12 -0.0395
8 13 1.51505
8 14 -0.593659
8 15 1.45662
8 16 -0.242094
8 17 0.12542
8 18 -0.589003
8 19 -0.127034
8 20 0.405709
8 21 -0.145644
8 22 0.104798
8 23 0.0939555
8 24 0.0368272
8 25 0.0186746
8 26 0
8 27 0
8 28 0
8 29 0
8 30 0
8 31 0
8 32 0
8 33 0
8 34 0
8 35 0
8 36 0
8 37 0
8 38 0
8 39 0
8 40 0
8 41 0
8 42 0
8 43 0
8 44 0
8 45 0
8 46 0
8 47 0
8 48 0
8 49 0
8 50 0
8 51 0
8 52 0
8 53 0
8 54 0
8 55 0
8 56 0
8 57 0
8 58 0
8 59 0
8 60 0
8 61 0
8 62 0
8 63 0
8 64 0
9 0 -0.795121
9 1 -0.202018
9 2 -0.257744
9 3 -0.158776
9 4 0.10891
9 5 -0.0438523
9 6 0.0140277
9 7 0.0991073
9 8 0.032223
9 9 2.08394
9 10 0.0194965
9 11 0.0313939
9 12 0.0016485
9 13 0.0031452
9 14 -0.968612
9 15 0.0264758
9 16 -0.472124
9 17 0.00121042
9 18 0.0113432
9 19 0.116598
9 20 -0.067286
9 21 0.0181869
9 22 0.016913
9 23 -0.0188929
9 24 -0.0381801
9 25 0.00221863
9 26 0
9 27 0
9 28 0
9 29 0
9 30 0
9 31 0
9 32 0
9 33 0
9 34 0
9 35 0
9 36 0
9 37 0
9 38 0
9 39 0
9 40 0
9 41 0
9 42 0
9 43 0
9 44 0
9 45 0
9 46 0
9 47 0
9 48 0
9 49 0
9 50 0
9 51 0
9 52 0
9 53 0
9 54 0
9 55 0
9 56 0
9 57 0
9 58 0
9 59 0
9 60 0
9 61 0
9 62 0
9 63 0
9 64 0
10 0 -0.204476
10 1 -0.110816
10 2 0.00373697
10 3 -0.0192717
10 4 -0.116459
10 5 0.102592
10 6 -0.0526029
10 7 0.0468539
10 8 0.0625272
10 9 0.0194965
10 10 2.93724
10 11 0.0310538
10 12 0.0212622
10 13 -1.70994
10 14 -0.123147
10 15 0.353435
10 16 -0.626996
10 17 0.0318107
10 18 -0.203564
10 19 -0.0388339
10 20 0.127179
10 21 0.00669916
10 22 0.0286565
10 23 0.072731
10 24 0.00228105
10 25 0.00907398
10 26 0
10 27 0
10 28 0
10 29 0
10 30 0
10 31 0
10 32 0
10 33 0
10 34 0
10 35 0
10 36 0
10 37 0
10 38 0
10 39 0
10 40 0
10 41 0
10 42 0
10 43 0
10 44 0
10 45 0
10 46 0
10 47 0
10 48 0
10 49 0
10 50 0
10 51 0
10 52 0
10 53 0
10 54 0
10 55 0
10 56 0
10 57 0
10 58 0
10 59 0
10 60 0
10 61 0
10 62 0
10 63 0
10 64 0
11 0 -0.0206735
11 1 -0.0771241
11 2 0.127417
11 3 -0.0299057
11 4 -0.0697919
11 5 -0.0252773
11 6 0.00114429
11 7 0.00226845
11 8 0.0126738
11 9 0.0313939
11 10 0.0310538
11 11 3.51883
11 12 0.0250421
11 13 -0.344172
11 14 0.000982232
11 15 0.228375
11 16 -0.213752
11 17 -0.0535406
11 18 0.056405
11 19 -0.206869
11 20 0.0245358
11 21 0.00222833
11 22 0.0218452
11 23 0.0116911
11 24 -0.00350762
11 25 0.00700657
11 26 0
11 27 0
11 28 0
11 29 0
11 30 0
11 31 0
11 32 0
11 33 0
11 34 0
11 35 0
11 36 0
11 37 0
11 38 0
11 39 0
11 40 0
11 41 0
11 42 0
11 43 0
11 44 0
11 45 0
11 46 0
11 47 0
11 48 0
11 49 0
11 50 0
11 51 0
11 52 0
11 53 0
11 54 0
11 55 0
11 56 0
11 57 0
11 58 0
11 59 0
11 60 0
11 61 0
11 62 0
11 63 0
11 64 0
12 0 -0.15245
12 1 -0.0497042
12 2 0.15139
12 3 0.00639127
12 4 0.00145727
12 5 0.103094
12 6 -0.026209
12 7 -0.0508982
12 8 -0.0395
12 9 0.0016485
12 10 0.0212622
12 11 0.0250421
12 12 3.6005
12 13 -0.452981
12 14 0.105639
12 15 0.259057
12 16 -0.0819277
12 17 0.00188741
12 18 0.155654
12 19 -0.120206
12 20 -0.0172553
12 21 0.0234086
12 22 0.0139332
12 23 0.0203479
12 24 0.0155487
12 25 0.0113497
12 26 0
12 27 0
12 28 0
12 29 0
12 30 0
12 31 0
12 32 0
12 33 0
12 34 0
12 35 0
12 36 0
12 37 0
12 38 0
12 39 0
12 40 0
12 41 0
12 42 0
12 43 0
12 44 0
12 45 0
12 46 0
12 47 0
12 48 0
12 49 0
12 50 0
12 51 0
12 52 0
12 53 0
12 54 0
12 55 0
12 56 0
12 57 0
12 58 0
12 59 0
12 60 0
12 61 0
12 62 0
12 63 0
12 64 0
13 0 10.8172
13 1 1.74034
13 2 -2.52528
13 3 -5.98291
13 4 2.08468
13 5 -3.08744
13 6 0.346047
13 7 -2.08301
13 8 1.51505
13 9 0.0031452
13 10 -1.70994
13 11 -0.344172
13 12 -0.452981
13 13 212.463
13 14 -3.39905
13 15 5.26186
13 16 21.9519
13 17 6.61469
13 18 0.412344
13 19 0.786869
13 20 1.46684
13 21 -1.06499
13 22 -2.38588
13 23 -1.7784
13 24 -0.617908
13 25 -0.234497
13 26 0
13 27 0
13 28 0
13 29 0
13 30 0
13 31 0
13 32 0
13 33 0
13 34 0
13 35 0
13 36 0
13 37 0
13 38 0
13 39 0
13 40 0
13 41 0
13 42 0
13 43 0
13 44 0
13 45 0
13 46 0
13 47 0
13 48 0
13 49 0
13 50 0
13 51 0
13 52 0
13 53 0
13 54 0
13 55 0
13 56 0
13 57 0
13 58 0
13 59 0
13 60 0
13 61 0
13 62 0
13 63 0
13 64 0
14 0 19.7689
14 1 1.74781
14 2 2.43354
14 3 -1.26409
14 4 -0.977159
14 5 0.221887
14 6 -0.0510745
14 7 -1.39774
14 8 -0.593659
14 9 -0.968612
14 10 -0.123147
14 11 0.000982232
14 12 0.105639
14 13 -3.39905
14 14 71.7332
14 15 0.451973
14 16 -1.69758
14 17 1.95123
14 18 -1.1624
14 19 -1.31902
14 20 1.93698
14 21 -1.41882
14 22 -0.695846
14 23 -0.0206562
14 24 -0.816208
14 25 -0.13973
14 26 0
14 27 0
14 28 0
14 29 0
14 30 0
14 31 0
14 32 0
14 33 0
14 34 0
14 35 0
14 36 0
14 37 0
14 38 0
14 39 0
14 40 0
14 41 0
14 42 0
14 43 0
14 44 0
14 45 0
14 46 0
14 47 0
14 48 0
14 49 0
14 50 0
14 51 0
14 52 0
14 53 0
14 54 0
14 55 0
14 56 0
14 57 0
14 58 0
14 59 0
14 60 0
14 61 0
14 62 0
14 63 0
14 64 0
15 0 -8.57957
15 1 0.660634
15 2 1.11239
15 3 -1.35302
15 4 -1.52418
15 5 4.18086
15 6 0.679402
15 7 0.175085
15 8 1.45662
15 9 0.0264758
15 10 0.353435
15 11 0.228375
15 12 0.259057
15 13 5.26186
15 14 0.451973
15 15 61.5025
15 16 1.68221
15 17 -10.9552
15 18 -4.07668
15 19 -6.45071
15 20 -2.52652
15 21 1.09032
15 22 0.251424
15 23 1.53418
15 24 0.0264673
15 25 -0.176211
15 26 0
15 27 0
15 28 0
15 29 0
15 30 0
15 31 0
15 32 0
15 33 0
15 34 0
15 35 0
15 36 0
15 37 0
15 38 0
15 39 0
15 40 0
15 41 0
15 42 0
15 43 0
15 44 0
15 45 0
15 46 0
15 47 0
15 48 0
15 49 0
15 50 0
15 51 0
15 52 0
15 53 0
15 54 0
15 55 0
15 56 0
15 57 0
15 58 0
15 59 0
15 60 0
15 61 0
15 62 0
15 63 0
15 64 0
16 0 1.70239
16 1 5.47613
16 2 -3.91909
16 3 5.16734
16 4 0.317656
16 5 -0.781074
16 6 -0.627891
16 7 -0.607697
16 8 -0.242094
16 9 -0.472124
16 10 -0.626996
16 11 -0.213752
16 12 -0.0819277
16 13 21.9519
16 14 -1.69758
16 15 1.68221
16 16 66.6778
16 17 -0.0219083
16 18 2.2783
16 19 0.525807
16 20 -3.0062
16 21 -0.946061
16 22 -2.4951
16 23 -0.312388
16 24 -0.469552
16 25 -0.41891
16 26 0
16 27 0
16 28 0
16 29 0
16 30 0
16 31 0
16 32 0
16 33 0
16 34 0
16 35 0
16 36 0
16 37 0
16 38 0
16 39 0
16 40 0
16 41 0
16 42 0
16 43 0
16 44 0
16 45 0
16 46 0
16 47 0
16 48 0
16 49 0
16 50 0
16 51 0
16 52 0
16 53 0
16 54 0
16 55 0
16 56 0
16 57 0
16 58 0
16 59 0
16 60 0
16 61 0
16 62 0
16 63 0
16 64 0
17 0 -2.17949
17 1 0.675494
17 2 3.42913
17 3 0.972484
17 4 0.0547909
17 5 -0.370708
17 6 -0.615589
17 7 0.0568884
17 8 0.12542
17 9 0.00121042
17 10 0.0318107
17 11 -0.0535406
17 12 0.00188741
17 13 6.61469
17 14 1.95123
17 15 -10.9552
17 16 -0.0219083
17 17 30.7773
17 18 2.90427
17 19 -1.01556
17 20 -1.35489
17 21 -0.253902
17 22 0.86672
17 23 -0.893389
17 24 -0.443842
17 25 0.110586
17 26 0
17 27 0
17 28 0
17 29 0
17 30 0
17 31 0
17 32 0
17 33 0
17 34 0
17 35 0
17 36 0
17 37 0
17 38 0
17 39 0
17 40 0
17 41 0
17 42 0
17 43 0
17 44 0
17 45 0
17 46 0
17 47 0
17 48 0
17 49 0
17 50 0
17 51 0
17 52 0
17 53 0
17 54 0
17 55 0
17 56 0
17 57 0
17 58 0
17 59 0
17 60 0
17 61 0
17 62 0
17 63 0
17 64 0
18 0 -0.998812
18 1 1.92503
18 2 -0.112
18 3 -0.00697091
18 4 1.54007
18 5 0.821761
18 6 -0.0842185
18 7 -0.67897
18 8 -0.589003
18 9 0.0113432
18 10 -0.203564
18 11 0.056405
18 12 0.155654
18 13 0.412344
18 14 -1.1624
18 15 -4.07668
18 16 2.2783
18 17 2.90427
18 18 10.8113
18 19 -1.7332
18 20 -0.156636
18 21 0.0827623
18 22 -0.089567
18 23 0.379488
18 24 -0.0624911
18 25 -0.050225
18 26 0
18 27 0
18 28 0
18 29 0
18 30 0
18 31 0
18 32 0
18 33 0
18 34 0
18 35 0
18 36 0
18 37 0
18 38 0
18 39 0
18 40 0
18 41 0
18 42 0
18 43 0
18 44 0
18 45 0
18 46 0
18 47 0
18 48 0
18 49 0
18 50 0
18 51 0
18 52 0
18 53 0
18 54 0
18 55 0
18 56 0
18 57 0
18 58 0
18 59 0
18 60 0
18 61 0
18 62 0
18 63 0
18 64 0
19 0 0.0980753
19 1 0.250979
19 2 -2.62144
19 3 0.847415
19 4 0.105587
19 5 0.0970174
19 6 -0.515433
19 7 0.183688
19 8 -0.127034
19 9 0.116598
19 10 -0.0388339
19 11 -0.206869
19 12 -0.120206
19 13 0.786869
19 14 -1.31902
19 15 -6.45071
19 16 0.525807
19 17 -1.01556
19 18 -1.7332
19 19 10.4159
19 20 -0.407886
19 21 -0.968992
19 22 -0.442436
19 23 -0.139169
19 24 -0.293146
19 25 0.0637093
19 26 0
19 27 0
19 28 0
19 29 0
19 30 0
19 31 0
19 32 0
19 33 0
19 34 0
19 35 0
19 36 0
19 37 0
19 38 0
19 39 0
19 40 0
19 41 0
19 42 0
19 43 0
19 44 0
19 45 0
19 46 0
19 47 0
19 48 0
19 49 0
19 50 0
19 51 0
19 52 0
19 53 0
19 54 0
19 55 0
19 56 0
19 57 0
19 58 0
19 59 0
19 60 0
19 61 0
19 62 0
19 63 0
19 64 0
20 0 1.06024
20 1 0.207401
20 2 0.366001
20 3 -0.290962
20 4 -0.208836
20 5 0.675977
20 6 -0.0890608
20 7 0.34194
20 8 0.405709
20 9 -0.067286
20 10 0.127179
20 11 0.0245358
20 12 -0.0172553
20 13 1.46684
20 14 1.93698
20 15 -2.52652
20 16 -3.0062
20 17 -1.35489
20 18 -0.156636
20 19 -0.407886
20 20 7.24674
20 21 0.177284
20 22 0.225787
20 23 0.629375
20 24 0.0375599
20 25 0.0288873
20 26 0
20 27 0
20 28 0
20 29 0
20 30 0
20 31 0
20 32 0
20 33 0
20 34 0
20 35 0
20 36 0
20 37 0
20 38 0
20 39 0
20 40 0
20 41 0
20 42 0
20 43 0
20 44 0
20 45 0
20 46 0
20 47 0
20 48 0
20 49 0
20 50 0
20 51 0
20 52 0
20 53 0
20 54 0
20 55 0
20 56 0
20 57 0
20 58 0
20 59 0
20 60 0
20 61 0
20 62 0
20 63 0
20 64 0
21 0 -2.16843
21 1 0.812027
21 2 0.265119
21 3 0.159871
21 4 -0.0118414
21 5 0.162912
21 6 0.0268863
21 7 0.000954351
21 8 -0.145644
21 9 0.0181869
21 10 0.00669916
21 11 0.00222833
21 12 0.0234086
21 13 -1.06499
21 14 -1.41882
21 15 1.09032
21 16 -0.946061
21 17 -0.253902
21 18 0.0827623
21 19 -0.968992
21 20 0.177284
21 21 2.10294
21 22 0.249248
21 23 0.273147
21 24 0.218868
21 25 0.0612586
21 26 0
21 27 0
21 28 0
21 29 0
21 30 0
21 31 0
21 32 0
21 33 0
21 34 0
21 35 0
21 36 0
21 37 0
21 38 0
21 39 0
21 40 0
21 41 0
21 42 0
21 43 0
21 44 0
21 45 0
21 46 0
21 47 0
21 48 0
21 49 0
21 50 0
21 51 0
21 52 0
21 53 0
21 54 0
21 55 0
21 56 0
21 57 0
21 58 0
21 59 0
21 60 0
21 61 0
21 62 0
21 63 0
21 64 0
22 0 -0.675206
22 1 -0.328211
22 2 0.388021
22 3 -0.151892
22 4 0.147913
22 5 -0.119634
22 6 0.176982
22 7 0.154094
22 8 0.104798
22 9 0.016913
22 10 0.0286565
22 11 0.0218452
22 12 0.0139332
22 13 -2.38588
22 14 -0.695846
22 15 0.251424
22 16 -2.4951
22 17 0.86672
22 18 -0.089567
22 19 -0.442436
22 20 0.225787
22 21 0.249248
22 22 1.65137
22 23 0.0400544
22 24 0.177945
22 25 0.0834501
22 26 0
22 27 0
22 28 0
22 29 0
22 30 0
22 31 0
22 32 0
22 33 0
22 34 0
22 35 0
22 36 0
22 37 0
22 38 0
22 39 0
22 40 0
22 41 0
22 42 0
22 43 0
22 44 0
22 45 0
22 46 0
22 47 0
22 48 0
22 49 0
22 50 0
22 51 0
22 52 0
22 53 0
22 54 0
22 55 0
22 56 0
22 57 0
22 58 0
22 59 0
22 60 0
22 61 0
22 62 0
22 63 0
22 64 0
23 0 -1.38777
23 1 0.374755
23 2 0.0701013
23 3 -0.293623
23 4 -0.135257
23 5 0.622997
23 6 0.0896849
23 7 0.0739561
23 8 0.0939555
23 9 -0.0188929
23 10 0.072731
23 11 0.0116911
23 12 0.0203479
23 13 -1.7784
23 14 -0.0206562
23 15 1.53418
23 16 -0.312388
23 17 -0.893389
23 18 0.379488
23 19 -0.139169
23 20 0.629375
23 21 0.273147
23 22 0.0400544
23 23 1.33981
23 24 0.1142
23 25 0.0293269
23 26 0
23 27 0
23 28 0
23 29 0
23 30 0
23 31 0
23 32 0
23 33 0
23 34 0
23 35 0
23 36 0
23 37 0
23 38 0
23 39 0
23 40 0
23 41 0
23 42 0
23 43 0
23 44 0
23 45 0
23 46 0
23 47 0
23 48 0
23 49 0
23 50 0
23 51 0
23 52 0
23 53 0
23 54 0
23 55 0
23 56 0
23 57 0
23 58 0
23 59 0
23 60 0
23 61 0
23 62 0
23 63 0
23 64 0
24 0 -0.569841
24 1 0.194317
24 2 -0.0381434
24 3 -0.116224
24 4 -0.0491608
24 5 0.0388179
24 6 0.0576026
24 7 0.051266
24 8 0.0368272
24 9 -0.0381801
24 10 0.00228105
24 11 -0.00350762
24 12 0.0155487
24 13 -0.617908
24 14 -0.816208
24 15 0.0264673
24 16 -0.469552
24 17 -0.443842
24 18 -0.0624911
24 19 -0.293146
24 20 0.0375599
24 21 0.218868
24 22 0.177945
24 23 0.1142
24 24 1.33831
24 25 0.0452922
24 26 0
24 27 0
24 28 0
24 29 0
24 30 0
24 31 0
24 32 0
24 33 0
24 34 0
24 35 0
24 36 0
24 37 0
24 38 0
24 39 0
24 40 0
24 41 0
24 42 0
24 43 0
24 44 0
24 45 0
24 46 0
24 47 0
24 48 0
24 49 0
24 50 0
24 51 0
24 52 0
24 53 0
24 54 0
24 55 0
24 56 0
24 57 0
24 58 0
24 59 0
24 60 0
24 61 0
24 62 0
24 63 0
24 64 0
25 0 -0.126408
25 1 0.0427805
25 2 0.0695969
25 3 -0.0309057
25 4 -0.0166083
25 5 0.00509407
25 6 -0.00914836
25 7 0.0166583
25 8 0.0186746
25 9 0.00221863
25 10 0.00907398
25 11 0.00700657
25 12 0.0113497
25 13 -0.234497
25 14 -0.13973
25 15 -0.176211
25 16 -0.41891
25 17 0.110586
25 18 -0.050225
25 19 0.0637093
25 20 0.0288873
25 21 0.0612586
25 22 0.0834501
25 23 0.0293269
25 24 0.0452922
25 25 0.80396
25 26 0
25 27 0
25 28 0
25 29 0
25 30 0
25 31 0
25 32 0
25 33 0
25 34 0
25 35 0
25 36 0
25 37 0
25 38 0
25 39 0
25 40 0
25 41 0
25 42 0
25 43 0
25 44 0
25 45 0
25 46 0
25 47 0
25 48 0
25 49 0
25 50 0
25 51 0
25 52 0
25 53 0
25 54 0
25 55 0
25 56 0
25 57 0
25 58 0
25 59 0
25 60 0
25 61 0
25 62 0
25 63 0
25 64 0
26 0 0
26 1 0
26 2 0
26 3 0
26 4 0
26 5 0
26 6 0
26 7 0
26 8 0
26 9 0
26 10 0
26 11 0
26 12 0
26 13 0
26 14 0
26 15 0
26 16 0
26 17 0
26 18 0
26 19 0
26 20 0
26 21 0
26 22 0
26 23 0
26 24 0
26 25 0
26 26 162.46
26 27 -10.8178
26 28 -8.40527
26 29 -1.02834
26 30 11.0602
26 31 -4.1382
26 32 0.334599
26 33 -3.01645
26 34 -1.68447
26 35 -1.03301
26 36 0.418907
26 37 0.337327
26 38 0.776194
26 39 -3.77256
26 40 24.513
26 41 -15.7362
26 42 -23.819
26 43 14.8522
26 44 15.4448
26 45 -3.81495
26 46 5.7299
26 47 4.88078
26 48 2.25798
26 49 0.835669
26 50 1.82428
26 51 0.98064
26 52 0
26 53 0
26 54 0
26 55 0
26 56 0
26 57 0
26 58 0
26 59 0
26 60 0
26 61 0
26 62 0
26 63 0
26 64 0
27 0 0
27 1 0
27 2 0
27 3 0
27 4 0
27 5 0
27 6 0
27 7 0
27 8 0
27 9 0
27 10 0
27 11 0
27 12 0
27 13 0
27 14 0
27 15 0
27 16 0
27 17 0
27 18 0
27 19 0
27 20 0
27 21 0
27 22 0
27 23 0
27 24 0
27 25 0
27 26 -10.8178
27 27 118.045
27 28 4.6879
27 29 5.87723
27 30 -3.66659
27 31 0.560351
27 32 -4.38597
27 33 0.122723
27 34 1.30847
27 35 0.036806
27 36 0.325704
27 37 0.458567
27 38 0.125489
27 39 38.7117
27 40 3.34433
27 41 13.8916
27 42 -20.5111
27 43 -0.477395
27 44 -7.58374
27 45 -1.97509
27 46 -2.59365
27 47 -5.64854
27 48 -2.06812
27 49 1.52709
27 50 -0.539876
27 51 -0.376064
27 52 0
27 53 0
27 54 0
27 55 0
27 56 0
27 57 0
27 58 0
27 59 0
27 60 0
27 61 0
27 62 0
27 63 0
27 64 0
28 0 0
28 1 0
28 2 0
28 3 0
28 4 0
28 5 0
28 6 0
28 7 0
28 8 0
28 9 0
28 10 0
28 11 0
28 12 0
28 13 0
28 14 0
28 15 0
28 16 0
28 17 0
28 18 0
28 19 0
28 20 0
28 21 0
28 22 0
28 23 0
28 24 0
28 25 0
28 26 -8.40527
28 27 4.6879
28 28 77.9304
28 29 6.77471
28 30 3.63129
28 31 -5.48703
28 32 -4.95256
28 33 0.311887
28 34 -0.760433
28 35 -0.924872
28 36 0.14771
28 37 -0.215532
28 38 -0.175899
28 39 -27.5502
28 40 8.16116
28 41 -5.88092
28 42 -1.83765
28 43 3.55722
28 44 -4.84605
28 45 5.31963
28 46 4.80503
28 47 0.265363
28 48 -1.00465
28 49 2.09246
28 50 0.384343
28 51 -0.874268
28 52 0
28 53 0
28 54 0
28 55 0
28 56 0
28 57 0
28 58 0
28 59 0
28 60 0
28 61 0
28 62 0
28 63 0
28 64 0
29 0 0
29 1 0
29 2 0
29 3 0
29 4 0
29 5 0
29 6 0
29 7 0
29 8 0
29 9 0
29 10 0
29 11 0
29 12 0
29 13 0
29 14 0
29 15 0
29 16 0
29 17 0
29 18 0
29 19 0
29 20 0
29 21 0
29 22 0
29 23 0
29 24 0
29 25 0
29 26 -1.02834
29 27 5.87723
29 28 6.77471
29 29 22.4804
29 30 -4.00207
29 31 2.15431
29 32 1.08419
29 33 0.402778
29 34 -0.24902
29 35 -0.16547
29 36 -0.474385
29 37 0.00219061
29 38 0.164417
29 39 -15.173
29 40 2.30453
29 41 10.6624
29 42 7.17638
29 43 -1.9777
29 44 -0.741994
29 45 -1.72515
29 46 0.262988
29 47 -1.37157
29 48 -0.666767
29 49 0.403448
29 50 -0.227895
29 51 -0.367765
29 52 0
29 53 0
29 54 0
29 55 0
29 56 0
29 57 0
29 58 0
29 59 0
29 60 0
29 61 0
29 62 0
29 63 0
29 64 0
30 0 0
30 1 0
30 2 0
30 3 0
30 4 0
30 5 0
30 6 0
30 7 0
30 8 0
30 9 0
30 10 0
30 11 0
30 12 0
30 13 0
30 14 0
30 15 0
30 16 0
30 17 0
30 18 0
30 19 0
30 20 0
30 21 0
30 22 0
30 23 0
30 24 0
30 25 0
30 26 11.0602
30 27 -3.66659
30 28 3.63129
30 29 -4.00207
30 30 14.8674
30 31 -4.80444
30 32 -1.573
30 33 0.0899572
30 34 0.238701
30 35 -0.309991
30 36 -0.0298555
30 37 -0.207908
30 38 -0.150433
30 39 5.40986
30 40 2.75587
30 41 -0.928776
30 42 -1.8099
30 43 -0.353378
30 44 3.19284
30 45 -0.976711
30 46 0.370966
30 47 0.710211
30 48 -0.0442857
30 49 0.642866
30 50 0.281128
30 51 0.0669151
30 52 0
30 53 0
30 54 0
30 55 0
30 56 0
30 57 0
30 58 0
30 59 0
30 60 0
30 61 0
30 62 0
30 63 0
30 64 0
31 0 0
31 1 0
31 2 0
31 3 0
31 4 0
31 5 0
31 6 0
31 7 0
31 8 0
31 9 0
31 10 0
31 11 0
31 12 0
31 13 0
31 14 0
31 15 0
31 16 0
31 17 0
31 18 0
31 19 0
31 20 0
31 21 0
31 22 0
31 23 0
31 24 0
31 25 0
31 26 -4.1382
31 27 0.560351
31 28 -5.48703
31 29 2.15431
31 30 -4.80444
31 31 12.2758
31 32 2.39223
31 33 -0.291178
31 34 0.172249
31 35 0.0517591
31 36 0.13354
31 37 -0.0466981
31 38 0.128432
31 39 -1.18117
31 40 0.363815
31 41 4.9825
31 42 -2.19385
31 43 0.39127
31 44 -2.91653
31 45 -0.0294297
31 46 -1.94812
31 47 -0.679991
31 48 -0.0892215
31 49 -0.266386
31 50 0.16915
31 51 0.0361459
31 52 0
31 53 0
31 54 0
31 55 0
31 56 0
31 57 0
31 58 0
31 59 0
31 60 0
31 61 0
31 62 0
31 63 0
31 64 0
32 0 0
32 1 0
32 2 0
32 3 0
32 4 0
32 5 0
32 6 0
32 7 0
32 8 0
32 9 0
32 10 0
32 11 0
32 12 0
32 13 0
32 14 0
32 15 0
32 16 0
32 17 0
32 18 0
32 19 0
32 20 0
32 21 0
32 22 0
32 23 0
32 24 0
32 25 0
32 26 0.334599
32 27 -4.38597
32 28 -4.95256
32 29 1.08419
32 30 -1.573
32 31 2.39223
32 32 7.88827
32 33 -1.00558
32 34 0.324975
32 35 0.226242
32 36 0.228842
32 37 -0.156324
32 38 0.161033
32 39 -4.93107
32 40 -0.258852
32 41 -1.63131
32 42 3.74696
32 43 -1.67186
32 44 1.97182
32 45 0.674778
32 46 0.741055
32 47 0.400887
32 48 0.48024
32 49 -0.384693
32 50 0.0465129
32 51 -0.0299848
32 52 0
32 53 0
32 54 0
32 55 0
32 56 0
32 57 0
32 58 0
32 59 0
32 60 0
32 61 0
32 62 0
32 63 0
32 64 0
33 0 0
33 1 0
33 2 0
33 3 0
33 4 0
33 5 0
33 6 0
33 7 0
33 8 0
33 9 0
33 10 0
33 11 0
33 12 0
33 13 0
33 14 0
33 15 0
33 16 0
33 17 0
33 18 0
33 19 0
33 20 0
33 21 0
33 22 0
33 23 0
33 24 0
33 25 0
33 26 -3.01645
33 27 0.122723
33 28 0.311887
33 29 0.402778
33 30 0.0899572
33 31 -0.291178
33 32 -1.00558
33 33 3.90028
33 34 0.139138
33 35 0.257306
33 36 0.0686391
33 37 0.117515
33 38 0.0687393
33 39 -8.77381
33 40 4.65742
33 41 4.98361
33 42 -2.12505
33 43 3.56872
33 44 -0.559127
33 45 -1.79841
33 46 0.24526
33 47 -0.340961
33 48 0.287797
33 49 0.0695848
33 50 0.0640034
33 51 0.143256
33 52 0
33 53 0
33 54 0
33 55 0
33 56 0
33 57 0
33 58 0
33 59 0
33 60 0
33 61 0
33 62 0
33 63 0
33 64 0
34 0 0
34 1 0
34 2 0
34 3 0
34 4 0
34 5 0
34 6 0
34 7 0
34 8 0
34 9 0
34 10 0
34 11 0
34 12 0
34 13 0
34 14 0
34 15 0
34 16 0
34 17 0
34 18 0
34 19 0
34 20 0
34 21 0
34 22 0
34 23 0
34 24 0
34 25 0
34 26 -1.68447
34 27 1.30847
34 28 -0.760433
34 29 -0.24902
34 30 0.238701
34 31 0.172249
34 32 0.324975
34 33 0.139138
34 34 1.41693
34 35 0.231887
34 36 0.116275
34 37 -0.0355561
34 38 0.012874
34 39 0.519828
34 40 -0.211326
34 41 -1.14024
34 42 0.126529
34 43 0.226187
34 44 -1.24681
34 45 0.171965
34 46 -0.339306
34 47 -0.110188
34 48 0.182041
34 49 -0.0324959
34 50 -0.000349566
34 51 0.0707368
34 52 0
34 53 0
34 54 0
34 55 0
34 56 0
34 57 0
34 58 0
34 59 0
34 60 0
34 61 0
34 62 0
34 63 0
34 64 0
35 0 0
35 1 0
35 2 0
35 3 0
35 4 0
35 5 0
35 6 0
35 7 0
35 8 0
35 9 0
35 10 0
35 11 0
35 12 0
35 13 0
35 14 0
35 15 0
35 16 0
35 17 0
35 18 0
35 19 0
35 20 0
35 21 0
35 22 0
35 23 0
35 24 0
35 25 0
35 26 -1.03301
35 27 0.036806
35 28 -0.924872
35 29 -0.16547
35 30 -0.309991
35 31 0.0517591
35 32 0.226242
35 33 0.257306
35 34 0.231887
35 35 1.34377
35 36 0.0797904
35 37 0.0892406
35 38 0.022177
35 39 1.68208
35 40 0.356525
35 41 -0.785336
35 42 0.0606525
35 43 -0.411233
35 44 -0.755582
35 45 0.71602
35 46 -0.257323
35 47 -0.129004
35 48 0.196969
35 49 0.0407954
35 50 -0.0595267
35 51 0.0153176
35 52 0
35 53 0
35 54 0
35 55 0
35 56 0
35 57 0
35 58 0
35 59 0
35 60 0
35 61 0
35 62 0
35 63 0
35 64 0
36 0 0
36 1 0
36 2 0
36 3 0
36 4 0
36 5 0
36 6 0
36 7 0
36 8 0
36 9 0
36 10 0
36 11 0
36 12 0
36 13 0
36 14 0
36 15 0
36 16 0
36 17 0
36 18 0
36 19 0
36 20 0
36 21 0
36 22 0
36 23 0
36 24 0
36 25 0
36 26 0.418907
36 27 0.325704
36 28 0.14771
36 29 -0.474385
36 30 -0.0298555
36 31 0.13354
36 32 0.228842
36 33 0.0686391
36 34 0.116275
36 35 0.0797904
36 36 1.26245
36 37 0.0210075
36 38 0.0651395
36 39 -0.568528
36 40 1.04017
36 41 0.196956
36 42 -0.136636
36 43 0.790399
36 44 -0.0410326
36 45 0.3654
36 46 -0.0648688
36 47 -0.0816315
36 48 0.10412
36 49 0.0186709
36 50 0.00246004
36 51 0.0186868
36 52 0
36 53 0
36 54 0
36 55 0
36 56 0
36 57 0
36 58 0
36 59 0
36 60 0
36 61 0
36 62 0
36 63 0
36 64 0
37 0 0
37 1 0
37 2 0
37 3 0
37 4 0
37 5 0
37 6 0
37 7 0
37 8 0
37 9 0
37 10 0
37 11 0
37 12 0
37 13 0
37 14 0
37 15 0
37 16 0
37 17 0
37 18 0
37 19 0
37 20 0
37 21 0
37 22 0
37 23 0
37 24 0
37 25 0
37 26 0.337327
37 27 0.458567
37 28 -0.215532
37 29 0.00219061
37 30 -0.207908
37 31 -0.0466981
37 32 -0.156324
37 33 0.117515
37 34 -0.0355561
37 35 0.0892406
37 36 0.0210075
37 37 1.4776
37 38 0.0187437
37 39 -0.341517
37 40 0.107501
37 41 -0.179037
37 42 -0.354295
37 43 0.204043
37 44 0.0616268
37 45 -0.101069
37 46 -0.0522801
37 47 0.0559344
37 48 0.00315932
37 49 0.0433969
37 50 -0.0333836
37 51 0.0128295
37 52 0
37 53 0
37 54 0
37 55 0
37 56 0
37 57 0
37 58 0
37 59 0
37 60 0
37 61 0
37 62 0
37 63 0
37 64 0
38 0 0
38 1 0
38 2 0
38 3 0
38 4 0
38 5 0
38 6 0
38 7 0
38 8 0
38 9 0
38 10 0
38 11 0
38 12 0
38 13 0
38 14 0
38 15 0
38 16 0
38 17 0
38 18 0
38 19 0
38 20 0
38 21 0
38 22 0
38 23 0
38 24 0
38 25 0
38 26 0.776194
38 27 0.125489
38 28 -0.175899
38 29 0.164417
38 30 -0.150433
38 31 0.128432
38 32 0.161033
38 33 0.0687393
38 34 0.012874
38 35 0.022177
38 36 0.0651395
38 37 0.0187437
38 38 1.32369
38 39 -1.19731
38 40 0.442832
38 41 0.376682
38 42 0.150981
38 43 0.437756
38 44 0.300604
38 45 -0.0816556
38 46 0.0336333
38 47 0.0303021
38 48 0.0372203
38 49 0.0188811
38 50 0.00934186
38 51 0.00164068
38 52 0
38 53 0
38 54 0
38 55 0
38 56 0
38 57 0
38 58 0
38 59 0
38 60 0
38 61 0
38 62 0
38 63 0
38 64 0
39 0 0
39 1 0
39 2 0
39 3 0
39 4 0
39 5 0
39 6 0
39 7 0
39 8 0
39 9 0
39 10 0
39 11 0
39 12 0
39 13 0
39 14 0
39 15 0
39 16 0
39 17 0
39 18 0
39 19 0
39 20 0
39 21 0
39 22 0
39 23 0
39 24 0
39 25 0
39 26 -3.77256
39 27 38.7117
39 28 -27.5502
39 29 -15.173
39 30 5.40986
39 31 -1.18117
39 32 -4.93107
39 33 -8.77381
39 34 0.519828
39 35 1.68208
39 36 -0.568528
39 37 -0.341517
39 38 -1.19731
39 39 545.577
39 40 48.1635
39 41 7.78216
39 42 -53.4714
39 43 -21.6679
39 44 -10.1848
39 45 -10.9038
39 46 -15.9333
39 47 -9.66986
39 48 -4.88091
39 49 -1.46732
39 50 -0.709879
39 51 -0.0322553
39 52 0
39 53 0
39 54 0
39 55 0
39 56 0
39 57 0
39 58 0
39 59 0
39 60 0
39 61 0
39 62 0
39 63 0
39 64 0
40 0 0
40 1 0
40 2 0
40 3 0
40 4 0
40 5 0
40 6 0
40 7 0
40 8 0
40 9 0
40 10 0
40 11 0
40 12 0
40 13 0
40 14 0
40 15 0
40 16 0
40 17 0
40 18 0
40 19 0
40 20 0
40 21 0
40 22 0
40 23 0
40 24 0
40 25 0
40 26 24.513
40 27 3.34433
40 28 8.16116
40 29 2.30453
40 30 2.75587
40 31 0.363815
40 32 -0.258852
40 33 4.65742
40 34 -0.211326
40 35 0.356525
40 36 1.04017
40 37 0.107501
40 38 0.442832
40 39 48.1635
40 40 142.056
40 41 -7.07989
40 42 -21.7204
40 43 18.3995
40 44 -7.33941
40 45 -6.70425
40 46 6.40936
40 47 -1.08482
40 48 1.07611
40 49 3.67047
40 50 1.61654
40 51 0.46158
40 52 0
40 53 0
40 54 0
40 55 0
40 56 0
40 57 0
40 58 0
40 59 0
40 60 0
40 61 0
40 62 0
40 63 0
40 64 0
41 0 0
41 1 0
41 2 0
41 3 0
41 4 0
41 5 0
41 6 0
41 7 0
41 8 0
41 9 0
41 10 0
41 11 0
41 12 0
41 13 0
41 14 0
41 15 0
41 16 0
41 17 0
41 18 0
41 19 0
41 20 0
41 21 0
41 22 0
41 23 0
41 24 0
41 25 0
41 26 -15.7362
41 27 13.8916
41 28 -5.88092
41 29 10.6624
41 30 -0.928776
41 31 4.9825
41 32 -1.63131
41 33 4.98361
41 34 -1.14024
41 35 -0.785336
41 36 0.196956
41 37 -0.179037
41 38 0.376682
41 39 7.78216
41 40 -7.07989
41 41 102.731
41 42 -17.7683
41 43 4.53429
41 44 14.5183
41 45 -6.58804
41 46 -3.95431
41 47 -6.20254
41 48 -1.56625
41 49 0.580273
41 50 -0.0438707
41 51 -0.946573
41 52 0
41 53 0
41 54 0
41 55 0
41 56 0
41 57 0
41 58 0
41 59 0
41 60 0
41 61 0
41 62 0
41 63 0
41 64 0
42 0 0
42 1 0
42 2 0
42 3 0
42 4 0
42 5 0
42 6 0
42 7 0
42 8 0
42 9 0
42 10 0
42 11 0
42 12 0
42 13 0
42 14 0
42 15 0
42 16 0
42 17 0
42 18 0
42 19 0
42 20 0
42 21 0
42 22 0
42 23 0
42 24 0
42 25 0
42 26 -23.819
42 27 -20.5111
42 28 -1.83765
42 29 7.17638
42 30 -1.8099
42 31 -2.19385
42 32 3.74696
42 33 -2.12505
42 34 0.126529
42 35 0.0606525
42 36 -0.136636
42 37 -0.354295
42 38 0.150981
42 39 -53.4714
42 40 -21.7204
42 41 -17.7683
42 42 57.4029
42 43 -6.79149
42 44 4.348
42 45 6.14364
42 46 3.03442
42 47 4.45447
42 48 3.30266
42 49 0.649494
42 50 0.300962
42 51 -0.0577842
42 52 0
42 53 0
42 54 0
42 55 0
42 56 0
42 57 0
42 58 0
42 59 0
42 60 0
42 61 0
42 62 0
42 63 0
42 64 0
43 0 0
43 1 0
43 2 0
43 3 0
43 4 0
43 5 0
43 6 0
43 7 0
43 8 0
43 9 0
43 10 0
43 11 0
43 12 0
43 13 0
43 14 0
43 15 0
43 16 0
43 17 0
43 18 0
43 19 0
43 20 0
43 21 0
43 22 0
43 23 0
43 24 0
43 25 0
43 26 14.8522
43 27 -0.477395
43 28 3.55722
43 29 -1.9777
43 30 -0.353378
43 31 0.39127
43 32 -1.67186
43 33 3.56872
43 34 0.226187
43 35 -0.411233
43 36 0.790399
43 37 0.204043
43 38 0.437756
43 39 -21.6679
43 40 18.3995
43 41 4.53429
43 42 -6.79149
43 43 42.0012
43 44 17.3053
43 45 -5.85667
43 46 3.05447
43 47 -2.00477
43 48 -0.0332403
43 49 0.665091
43 50 0.195164
43 51 0.138138
43 52 0
43 53 0
43 54 0
43 55 0
43 56 0
43 57 0
43 58 0
43 59 0
43 60 0
43 61 0
43 62 0
43 63 0
43 64 0
44 0 0
44 1 0
44 2 0
44 3 0
44 4 0
44 5 0
44 6 0
44 7 0
44 8 0
44 9 0
44 10 0
44 11 0
44 12 0
44 13 0
44 14 0
44 15 0
44 16 0
44 17 0
44 18 0
44 19 0
44 20 0
44 21 0
44 22 0
44 23 0
44 24 0
44 25 0
44 26 15.4448
44 27 -7.58374
44 28 -4.84605
44 29 -0.741994
44 30 3.19284
44 31 -2.91653
44 32 1.97182
44 33 -0.559127
44 34 -1.24681
44 35 -0.755582
44 36 -0.0410326
44 37 0.0616268
44 38 0.300604
44 39 -10.1848
44 40 -7.33941
44 41 14.5183
44 42 4.348
44 43 17.3053
44 44 41.4239
44 45 -5.22379
44 46 2.93614
44 47 -1.88444
44 48 1.21138
44 49 1.06058
44 50 0.102501
44 51 0.183418
44 52 0
44 53 0
44 54 0
44 55 0
44 56 0
44 57 0
44 58 0
44 59 0
44 60 0
44 61 0
44 62 0
44 63 0
44 64 0
45 0 0
45 1 0
45 2 0
45 3 0
45 4 0
45 5 0
45 6 0
45 7 0
45 8 0
45 9 0
45 10 0
45 11 0
45 12 0
45 13 0
45 14 0
45 15 0
45 16 0
45 17 0
45 18 0
45 19 0
45 20 0
45 21 0
45 22 0
45 23 0
45 24 0
45 25 0
45 26 -3.81495
45 27 -1.97509
45 28 5.31963
45 29 -1.72515
45 30 -0.976711
45 31 -0.0294297
45 32 0.674778
45 33 -1.79841
45 34 0.171965
45 35 0.71602
45 36 0.3654
45 37 -0.101069
45 38 -0.0816556
45 39 -10.9038
45 40 -6.70425
45 41 -6.58804
45 42 6.14364
45 43 -5.85667
45 44 -5.22379
45 45 12.5869
45 46 -0.178962
45 47 1.10531
45 48 1.24207
45 49 0.51241
45 50 0.0245465
45 51 0.0319717
45 52 0
45 53 0
45 54 0
45 55 0
45 56 0
45 57 0
45 58 0
45 59 0
45 60 0
45 61 0
45 62 0
45 63 0
45 64 0
46 0 0
46 1 0
46 2 0
46 3 0
46 4 0
46 5 0
46 6 0
46 7 0
46 8 0
46 9 0
46 10 0
46 11 0
46 12 0
46 13 0
46 14 0
46 15 0
46 16 0
46 17 0
46 18 0
46 19 0
46 20 0
46 21 0
46 22 0
46 23 0
46 24 0
46 25 0
46 26 5.7299
46 27 -2.59365
46 28 4.80503
46 29 0.262988
46 30 0.370966
46 31 -1.94812
46 32 0.741055
46 33 0.24526
46 34 -0.339306
46 35 -0.257323
46 36 -0.0648688
46 37 -0.0522801
46 38 0.0336333
46 39 -15.9333
46 40 6.40936
46 41 -3.95431
46 42 3.03442
46 43 3.05447
46 44 2.93614
46 45 -0.178962
46 46 6.02167
46 47 1.83108
46 48 0.307578
46 49 0.385367
46 50 0.322172
46 51 -0.0523466
46 52 0
46 53 0
46 54 0
46 55 0
46 56 0
46 57 0
46 58 0
46 59 0
46 60 0
46 61 0
46 62 0
46 63 0
46 64 0
47 0 0
47 1 0
47 2 0
47 3 0
47 4 0
47 5 0
47 6 0
47 7 0
47 8 0
47 9 0
47 10 0
47 11 0
47 12 0
47 13 0
47 14 0
47 15 0
47 16 0
47 17 0
47 18 0
47 19 0
47 20 0
47 21 0
47 22 0
47 23 0
47 24 0
47 25 0
47 26 4.88078
47 27 -5.64854
47 28 0.265363
47 29 -1.37157
47 30 0.710211
47 31 -0.679991
47 32 0.400887
47 33 -0.340961
47 34 -0.110188
47 35 -0.129004
47 36 -0.0816315
47 37 0.0559344
47 38 0.0303021
47 39 -9.66986
47 40 -1.08482
47 41 -6.20254
47 42 4.45447
47 43 -2.00477
47 44 -1.88444
47 45 1.10531
47 46 1.83108
47 47 4.86405
47 48 0.159577
47 49 0.0873218
47 50 0.343267
47 51 0.0880179
47 52 0
47 53 0
47 54 0
47 55 0
47 56 0
47 57 0
47 58 0
47 59 0
47 60 0
47 61 0
47 62 0
47 63 0
47 64 0
48 0 0
48 1 0
48 2 0
48 3 0
48 4 0
48 5 0
48 6 0
48 7 0
48 8 0
48 9 0
48 10 0
48 11 0
48 12 0
48 13 0
48 14 0
48 15 0
48 16 0
48 17 0
48 18 0
48 19 0
48 20 0
48 21 0
48 22 0
48 23 0
48 24 0
48 25 0
48 26 2.25798
48 27 -2.06812
48 28 -1.00465
48 29 -0.666767
48 30 -0.0442857
48 31 -0.0892215
48 32 0.48024
48 33 0.287797
48 34 0.182041
48 35 0.196969
48 36 0.10412
48 37 0.00315932
48 38 0.0372203
48 39 -4.88091
48 40 1.07611
48 41 -1.56625
48 42 3.30266
48 43 -0.0332403
48 44 1.21138
48 45 1.24207
48 46 0.307578
48 47 0.159577
48 48 2.82821
48 49 0.304506
48 50 0.243203
48 51 0.201493
48 52 0
48 53 0
48 54 0
48 55 0
48 56 0
48 57 0
48 58 0
48 59 0
48 60 0
48 61 0
48 62 0
48 63 0
48 64 0
49 0 0
49 1 0
49 2 0
49 3 0
49 4 0
49 5 0
49 6 0
49 7 0
49 8 0
49 9 0
49 10 0
49 11 0
49 12 0
49 13 0
49 14 0
49 15 0
49 16 0
49 17 0
49 18 0
49 19 0
49 20 0
49 21 0
49 22 0
49 23 0
49 24 0
49 25 0
49 26 0.835669
49 27 1.52709
49 28 2.09246
49 29 0.403448
49 30 0.642866
49 31 -0.266386
49 32 -0.384693
49 33 0.0695848
49 34 -0.0324959
49 35 0.0407954
49 36 0.0186709
49 37 0.0433969
49 38 0.0188811
49 39 -1.46732
49 40 3.67047
49 41 0.580273
49 42 0.649494
49 43 0.665091
49 44 1.06058
49 45 0.51241
49 46 0.385367
49 47 0.0873218
49 48 0.304506
49 49 2.40021
49 50 0.0989922
49 51 0.046024
49 52 0
49 53 0
49 54 0
49 55 0
49 56 0
49 57 0
49 58 0
49 59 0
49 60 0
49 61 0
49 62 0
49 63 0
49 64 0
50 0 0
50 1 0
50 2 0
50 3 0
50 4 0
50 5 0
50 6 0
50 7 0
50 8 0
50 9 0
50 10 0
50 11 0
50 12 0
50 13 0
50 14 0
50 15 0
50 16 0
50 17 0
50 18 0
50 19 0
50 20 0
50 21 0
50 22 0
50 23 0
50 24 0
50 25 0
50 26 1.82428
50 27 -0.539876
50 28 0.384343
50 29 -0.227895
50 30 0.281128
50 31 0.16915
50 32 0.0465129
50 33 0.0640034
50 34 -0.000349566
50 35 -0.0595267
50 36 0.00246004
50 37 -0.0333836
50 38 0.00934186
50 39 -0.709879
50 40 1.61654
50 41 -0.0438707
50 42 0.300962
50 43 0.195164
50 44 0.102501
50 45 0.0245465
50 46 0.322172
50 47 0.343267
50 48 0.243203
50 49 0.0989922
50 50 2.2142
50 51 0.0832131
50 52 0
50 53 0
50 54 0
50 55 0
50 56 0
50 57 0
50 58 0
50 59 0
50 60 0
50 61 0
50 62 0
50 63 0
50 64 0
51 0 0
51 1 0
51 2 0
51 3 0
51 4 0
51 5 0
51 6 0
51 7 0
51 8 0
51 9 0
51 10 0
51 11 0
51 12 0
51 13 0
51 14 0
51 15 0
51 16 0
51 17 0
51 18 0
51 19 0
51 20 0
51 21 0
51 22 0
51 23 0
51 24 0
51 25 0
51 26 0.98064
51 27 -0.376064
51 28 -0.874268
51 29 -0.367765
51 30 0.0669151
51 31 0.0361459
51 32 -0.0299848
51 33 0.143256
51 34 0.0707368
51 35 0.0153176
51 36 0.0186868
51 37 0.0128295
51 38 0.00164068
51 39 -0.0322553
51 40 0.46158
51 41 -0.946573
51 42 -0.0577842
51 43 0.138138
51 44 0.183418
51 45 0.0319717
51 46 -0.0523466
51 47 0.0880179
51 48 0.201493
51 49 0.046024
51 50 0.0832131
51 51 2.4657
51 52 0
51 53 0
51 54 0
51 55 0
51 56 0
51 57 0
51 58 0
51 59 0
51 60 0
51 61 0
51 62 0
51 63 0
51 64 0
52 0 0
52 1 0
52 2 0
52 3 0
52 4 0
52 5 0
52 6 0
52 7 0
52 8 0
52 9 0
52 10 0
52 11 0
52 12 0
52 13 0
52 14 0
52 15 0
52 16 0
52 17 0
52 18 0
52 19 0
52 20 0
52 21 0
52 22 0
52 23 0
52 24 0
52 25 0
52 26 0
52 27 0
52 28 0
52 29 0
52 30 0
52 31 0
52 32 0
52 33 0
52 34 0
52 35 0
52 36 0
52 37 0
52 38 0
52 39 0
52 40 0
52 41 0
52 42 0
52 43 0
52 44 0
52 45 0
52 46 0
52 47 0
52 48 0
52 49 0
52 50 0
52 51 0
52 52 589.592
52 53 120.991
52 54 212.345
52 55 142.711
52 56 14.5593
52 57 -72.4625
52 58 4.46331
52 59 -12.2922
52 60 -7.28995
52 61 -14.5584
52 62 14.7617
52 63 -3.74538
52 64 -0.197264
53 0 0
53 1 0
53 2 0
53 3 0
53 4 0
53 5 0
53 6 0
53 7 0
53 8 0
53 9 0
53 10 0
53 11 0
53 12 0
53 13 0
53 14 0
53 15 0
53 16 0
53 17 0
53 18 0
53 19 0
53 20 0
53 21 0
53 22 0
53 23 0
53 24 0
53 25 0
53 26 0
53 27 0
53 28 0
53 29 0
53 30 0
53 31 0
53 32 0
53 33 0
53 34 0
53 35 0
53 36 0
53 37 0
53 38 0
53 39 0
53 40 0
53 41 0
53 42 0
53 43 0
53 44 0
53 45 0
53 46 0
53 47 0
53 48 0
53 49 0
53 50 0
53 51 0
53 52 120.991
53 53 313.921
53 54 100.971
53 55 92.968
53 56 -117.359
53 57 -57.4321
53 58 3.94965
53 59 -13.3993
53 60 9.26142
53 61 -10.8179
53 62 -2.86583
53 63 3.5654
53 64 -2.29226
54 0 0
54 1 0
54 2 0
54 3 0
54 4 0
54 5 0
54 6 0
54 7 0
54 8 0
54 9 0
54 10 0
54 11 0
54 12 0
54 13 0
54 14 0
54 15 0
54 16 0
54 17 0
54 18 0
54 19 0
54 20 0
54 21 0
54 22 0
54 23 0
54 24 0
54 25 0
54 26 0
54 27 0
54 28 0
54 29 0
54 30 0
54 31 0
54 32 0
54 33 0
54 34 0
54 35 0
54 36 0
54 37 0
54 38 0
54 39 0
54 40 0
54 41 0
54 42 0
54 43 0
54 44 0
54 45 0
54 46 0
54 47 0
54 48 0
54 49 0
54 50 0
54 51 0
54 52 212.345
54 53 100.971
54 54 454.869
54 55 49.6632
54 56 -127.54
54 57 33.1814
54 58 1.83017
54 59 7.76405
54 60 -6.40168
54 61 -1.40434
54 62 6.45101
54 63 5.71183
54 64 -1.01891
55 0 0
55 1 0
55 2 0
55 3 0
55 4 0
55 5 0
55 6 0
55 7 0
55 8 0
55 9 0
55 10 0
55 11 0
55 12 0
55 13 0
55 14 0
55 15 0
55 16 0
55 17 0
55 18 0
55 19 0
55 20 0
55 21 0
55 22 0
55 23 0
55 24 0
55 25 0
55 26 0
55 27 0
55 28 0
55 29 0
55 30 0
55 31 0
55 32 0
55 33 0
55 34 0
55 35 0
55 36 0
55 37 0
55 38 0
55 39 0
55 40 0
55 41 0
55 42 0
55 43 0
55 44 0
55 45 0
55 46 0
55 47 0
55 48 0
55 49 0
55 50 0
55 51 0
55 52 142.711
55 53 92.968
55 54 49.6632
55 55 163.423
55 56 -43.1339
55 57 -21.773
55 58 2.54319
55 59 17.2139
55 60 4.54563
55 61 0.944078
55 62 -1.27635
55 63 4.10783
55 64 0.0384431
56 0 0
56 1 0
56 2 0
56 3 0
56 4 0
56 5 0
56 6 0
56 7 0
56 8 0
56 9 0
56 10 0
56 11 0
56 12 0
56 13 0
56 14 0
56 15 0
56 16 0
56 17 0
56 18 0
56 19 0
56 20 0
56 21 0
56 22 0
56 23 0
56 24 0
56 25 0
56 26 0
56 27 0
56 28 0
56 29 0
56 30 0
56 31 0
56 32 0
56 33 0
56 34 0
56 35 0
56 36 0
56 37 0
56 38 0
56 39 0
56 40 0
56 41 0
56 42 0
56 43 0
56 44 0
56 45 0
56 46 0
56 47 0
56 48 0
56 49 0
56 50 0
56 51 0
56 52 14.5593
56 53 -117.359
56 54 -127.54
56 55 -43.1339
56 56 190.718
56 57 -31.6114
56 58 20.0328
56 59 -26.3473
56 60 -14.7738
56 61 -9.68188
56 62 -3.24657
56 63 -2.22422
56 64 0.175861
57 0 0
57 1 0
57 2 0
57 3 0
57 4 0
57 5 0
57 6 0
57 7 0
57 8 0
57 9 0
57 10 0
57 11 0
57 12 0
57 13 0
57 14 0
57 15 0
57 16 0
57 17 0
57 18 0
57 19 0
57 20 0
57 21 0
57 22 0
57 23 0
57 24 0
57 25 0
57 26 0
57 27 0
57 28 0
57 29 0
57 30 0
57 31 0
57 32 0
57 33 0
57 34 0
57 35 0
57 36 0
57 37 0
57 38 0
57 39 0
57 40 0
57 41 0
57 42 0
57 43 0
57 44 0
57 45 0
57 46 0
57 47 0
57 48 0
57 49 0
57 50 0
57 51 0
57 52 -72.4625
57 53 -57.4321
57 54 33.1814
57 55 -21.773
57 56 -31.6114
57 57 91.9749
57 58 -27.1499
57 59 19.467
57 60 0.0416358
57 61 5.05465
57 62 -2.20764
57 63 2.23492
57 64 1.71074
58 0 0
58 1 0
58 2 0
58 3 0
58 4 0
58 5 0
58 6 0
58 7 0
58 8 0
58 9 0
58 10 0
58 11 0
58 12 0
58 13 0
58 14 0
58 15 0
58 16 0
58 17 0
58 18 0
58 19 0
58 20 0
58 21 0
58 22 0
58 23 0
58 24 0
58 25 0
58 26 0
58 27 0
58 28 0
58 29 0
58 30 0
58 31 0
58 32 0
58 33 0
58 34 0
58 35 0
58 36 0
58 37 0
58 38 0
58 39 0
58 40 0
58 41 0
58 42 0
58 43 0
58 44 0
58 45 0
58 46 0
58 47 0
58 48 0
58 49 0
58 50 0
58 51 0
58 52 4.46331
58 53 3.94965
58 54 1.83017
58 55 2.54319
58 56 20.0328
58 57 -27.1499
58 58 26.7692
58 59 -1.72586
58 60 1.66757
58 61 -3.0113
58 62 -0.787875
58 63 -0.167054
58 64 -1.1464
59 0 0
59 1 0
59 2 0
59 3 0
59 4 0
59 5 0
59 6 0
59 7 0
59 8 0
59 9 0
59 10 0
59 11 0
59 12 0
59 13 0
59 14 0
59 15 0
59 16 0
59 17 0
59 18 0
59 19 0
59 20 0
59 21 0
59 22 0
59 23 0
59 24 0
59 25 0
59 26 0
59 27 0
59 28 0
59 29 0
59 30 0
59 31 0
59 32 0
59 33 0
59 34 0
59 35 0
59 36 0
59 37 0
59 38 0
59 39 0
59 40 0
59 41 0
59 42 0
59 43 0
59 44 0
59 45 0
59 46 0
59 47 0
59 48 0
59 49 0
59 50 0
59 51 0
59 52 -12.2922
59 53 -13.3993
59 54 7.76405
59 55 17.2139
59 56 -26.3473
59 57 19.467
59 58 -1.72586
59 59 30.9598
59 60 -1.05174
59 61 5.10532
59 62 1.12833
59 63 0.872067
59 64 -0.00537731
60 0 0
60 1 0
60 2 0
60 3 0
60 4 0
60 5 0
60 6 0
60 7 0
60 8 0
60 9 0
60 10 0
60 11 0
60 12 0
60 13 0
60 14 0
60 15 0
60 16 0
60 17 0
60 18 0
60 19 0
60 20 0
60 21 0
60 22 0
60 23 0
60 24 0
60 25 0
60 26 0
60 27 0
60 28 0
60 29 0
60 30 0
60 31 0
60 32 0
60 33 0
60 34 0
60 35 0
60 36 0
60 37 0
60 38 0
60 39 0
60 40 0
60 41 0
60 42 0
60 43 0
60 44 0
60 45 0
60 46 0
60 47 0
60 48 0
60 49 0
60 50 0
60 51 0
60 52 -7.28995
60 53 9.26142
60 54 -6.40168
60 55 4.54563
60 56 -14.7738
60 57 0.0416358
60 58 1.66757
60 59 -1.05174
60 60 9.31276
60 61 2.60178
60 62 0.039323
60 63 0.478607
60 64 0.360582
61 0 0
61 1 0
61 2 0
61 3 0
61 4 0
61 5 0
61 6 0
61 7 0
61 8 0
61 9 0
61 10 0
61 11 0
61 12 0
61 13 0
61 14 0
61 15 0
61 16 0
61 17 0
61 18 0
61 19 0
61 20 0
61 21 0
61 22 0
61 23 0
61 24 0
61 25 0
61 26 0
61 27 0
61 28 0
61 29 0
61 30 0
61 31 0
61 32 0
61 33 0
61 34 0
61 35 0
61 36 0
61 37 0
61 38 0
61 39 0
61 40 0
61 41 0
61 42 0
61 43 0
61 44 0
61 45 0
61 46 0
61 47 0
61 48 0
61 49 0
61 50 0
61 51 0
61 52 -14.5584
61 53 -10.8179
61 54 -1.40434
61 55 0.944078
61 56 -9.68188
61 57 5.05465
61 58 -3.0113
61 59 5.10532
61 60 2.60178
61 61 8.49595
61 62 1.0485
61 63 0.50042
61 64 0.561475
62 0 0
62 1 0
62 2 0
62 3 0
62 4 0
62 5 0
62 6 0
62 7 0
62 8 0
62 9 0
62 10 0
62 11 0
62 12 0
62 13 0
62 14 0
62 15 0
62 16 0
62 17 0
62 18 0
62 19 0
62 20 0
62 21 0
62 22 0
62 23 0
62 24 0
62 25 0
62 26 0
62 27 0
62 28 0
62 29 0
62 30 0
62 31 0
62 32 0
62 33 0
62 34 0
62 35 0
62 36 0
62 37 0
62 38 0
62 39 0
62 40 0
62 41 0
62 42 0
62 43 0
62 44 0
62 45 0
62 46 0
62 47 0
62 48 0
62 49 0
62 50 0
62 51 0
62 52 14.7617
62 53 -2.86583
62 54 6.45101
62 55 -1.27635
62 56 -3.24657
62 57 -2.20764
62 58 -0.787875
62 59 1.12833
62 60 0.039323
62 61 1.0485
62 62 5.17234
62 63 -0.578855
62 64 0.153714
63 0 0
63 1 0
63 2 0
63 3 0
63 4 0
63 5 0
63 6 0
63 7 0
63 8 0
63 9 0
63 10 0
63 11 0
63 12 0
63 13 0
63 14 0
63 15 0
63 16 0
63 17 0
63 18 0
63 19 0
63 20 0
63 21 0
63 22 0
63 23 0
63 24 0
63 25 0
63 26 0
63 27 0
63 28 0
63 29 0
63 30 0
63 31 0
63 32 0
63 33 0
63 34 0
63 35 0
63 36 0
63 37 0
63 38 0
63 39 0
63 40 0
63 41 0
63 42 0
63 43 0
63 44 0
63 45 0
63 46 0
63 47 0
63 48 0
63 49 0
63 50 0
63 51 0
63 52 -3.74538
63 53 3.5654
63 54 5.71183
63 55 4.10783
63 56 -2.22422
63 57 2.23492
63 58 -0.167054
63 59 0.872067
63 60 0.478607
63 61 0.50042
63 62 -0.578855
63 63 3.46631
63 64 0.148604
64 0 0
64 1 0
64 2 0
64 3 0
64 4 0
64 5 0
64 6 0
64 7 0
64 8 0
64 9 0
64 10 0
64 11 0
64 12 0
64 13 0
64 14 0
64 15 0
64 16 0
64 17 0
64 18 0
64 19 0
64 20 0
64 21 0
64 22 0
64 23 0
64 24 0
64 25 0
64 26 0
64 27 0
64 28 0
64 29 0
64 30 0
64 31 0
64 32 0
64 33 0
64 34 0
64 35 0
64 36 0
64 37 0
64 38 0
64 39 0
64 40 0
64 41 0
64 42 0
64 43 0
64 44 0
64 45 0
64 46 0
64 47 0
64 48 0
64 49 0
64 50 0
64 51 0
64 52 -0.197264
64 53 -2.29226
64 54 -1.01891
64 55 0.0384431
64 56 0.175861
64 57 1.71074
64 58 -1.1464
64 59 -0.00537731
64 60 0.360582
64 61 0.561475
64 62 0.153714
64 63 0.148604
64 64 3.4699
